time,x,y,z,phi,theta,psi,x_velocity,y_velocity,z_velocity,phi_velocity,theta_velocity,psi_velocity,rotor_speed1,rotor_speed2,rotor_speed3,rotor_speed4
0.06,5.01759389427e-08,6.10433612427e-07,10.0017486805,0.000523544879656,6.2831035145,0.0,5.4481748741e-06,4.93366237637e-05,0.0582875950532,0.0221054834079,-0.00423963860802,0.0,424.30225770635366,423.93822149817885,421.843818026071,423.7479338256811
0.12000000000000001,3.42528828791e-06,2.30620038197e-05,10.0105297235,0.0029313864009,6.28257301733,0.0,0.000149118224445,0.000925995269832,0.234393125669,0.0625462857712,-0.0201570472786,0.0,460.7447965519358,459.4849676725677,459.13472786231154,462.33214030360955
0.18,3.05902159646e-05,0.000157813489659,10.028792217,0.00658082430722,6.28143045865,0.0,0.000883172838301,0.00396529054536,0.374318721709,0.0571371156106,-0.0169022856339,0.0,448.74147542706567,449.0056089444791,450.2788826319124,449.8437310872526
0.23999999999999996,0.000127494778658,0.000559368328332,10.0562139713,0.0103500741253,6.28045065238,0.0,0.0024581801753,0.00982347065557,0.539672270158,0.0722741876476,-0.015209674693,0.0,458.1136197947462,458.24826317252996,455.9034834196872,457.11383339332707
0.3,0.000335465427049,0.00138129834085,10.0917623329,0.0149210292064,6.2795316057,0.0,0.00456819309778,0.0180325358938,0.64521313708,0.0830309505977,-0.0155338506732,0.0,438.630639936239,438.60381843287377,438.9177397883289,439.8140421668296
0.36000000000000004,0.000689793687782,0.00279537066913,10.1337831256,0.0197702162836,6.27821941963,0.0,0.00735382212255,0.0296113706533,0.755404059103,0.0759869143609,-0.039211795265,0.0,441.7395422420378,439.7828495803884,440.7279118005027,440.1507340945859
0.4200000000000001,0.00124542041425,0.00501009190412,10.1826997654,0.0242059923751,6.27622335882,0.0,0.0113926111249,0.0446830566416,0.875054547008,0.0694627291495,-0.0234515443431,0.0,442.30163444243277,443.59703678943725,444.80601183145103,444.27572672773675
0.48000000000000015,0.0020657110182,0.00816436455659,10.2364593334,0.0290205202698,6.27456878998,0.0,0.0160916477235,0.0608832954741,0.916885706722,0.0959456363479,-0.0374588836789,0.0,418.87380832262164,417.65377577711416,418.39586438899653,420.7002707493256
0.5400000000000001,0.00321142196684,0.012418164798,10.2937788745,0.03480179748,6.272532178,0.0,0.0223085782155,0.0814764977938,0.993681294113,0.0971596829955,-0.0277067612106,0.0,429.6323923457171,430.45780411799166,430.8112352031763,430.922107232321
0.6000000000000002,0.0048157613411,0.0181785487592,10.360026289,0.0407857669372,6.2712623561,0.0,0.0313399769154,0.111236894444,1.21432810376,0.104434272822,-0.0105357405907,0.0,473.91042248934764,475.2282611434687,474.78277372591276,475.34834918480453
0.6600000000000003,0.00698576320963,0.0258641548761,10.4393315583,0.0467276319584,6.27120718851,0.0,0.0410256057213,0.145668975238,1.42890335117,0.0851288968002,0.0134997986441,0.0,473.07145008739974,474.9184225569122,473.84819274337576,472.3695743372601
0.7200000000000003,0.00966936523482,0.0354988199005,10.5261592819,0.0520337461184,6.27196414448,0.0,0.0483544545491,0.175966270845,1.46528289232,0.0943370449752,0.0107869124988,0.0,419.3595413918938,419.1237374409069,417.4839199762564,418.29352647689217
0.7800000000000004,0.0128021774335,0.0471662376077,10.6173037725,0.0578950152194,6.27204955029,0.0,0.0560157596148,0.213533611713,1.57268962387,0.103660192404,-0.0340779005831,0.0,443.7045375858385,440.00618744356797,441.193328626257,441.9705473924126
0.8400000000000004,0.0164082029622,0.061233816401,10.7152589169,0.0639698082798,6.26962581901,0.0,0.0644129117187,0.256019188278,1.6922654443,0.0959248031844,-0.057661039948,0.0,445.8294019968337,443.89750922200636,447.31695863939103,446.6954274508353
0.9000000000000005,0.0205587051266,0.0779021306818,10.8192217707,0.069770423654,6.2662035887,0.0,0.0742771417141,0.300153702962,1.7729917294,0.0981391626524,-0.0558182484329,0.0,433.4029554328952,433.55547591046803,434.6365518587831,434.83029419393114
0.9600000000000005,0.0254447776425,0.0976528375353,10.9324930842,0.0759100222005,6.26461387234,0.0,0.0888497697332,0.358903067624,2.00227807417,0.109600680573,0.00315742873411,0.0,477.7725668038217,482.24700937625727,479.19614580288385,480.07473295443873
1.0200000000000005,0.0311365577379,0.120686471781,11.054397879,0.0825037242057,6.26509428456,0.0,0.100840254235,0.409504609301,2.06105176103,0.110476822556,0.0162725645246,0.0,427.55686490862206,428.67263409031295,428.5454307987546,428.63105110348414
1.0800000000000005,0.0375899002052,0.147140650691,11.1828781842,0.0892110858605,6.26669703672,0.0,0.114115525568,0.473011409932,2.22125255601,0.114290917373,0.0420520975091,0.0,459.5208661408169,461.5599349851846,460.4843736939056,460.79656707795067
1.1400000000000006,0.0447530598913,0.177305718426,11.3181948675,0.0963412256025,6.26962124638,0.0,0.124385128813,0.53315471269,2.28909635307,0.126645281083,0.0595506927696,0.0,431.8221516367141,433.29718381110104,431.87021940429526,432.9240042017292
1.2000000000000006,0.0525118870613,0.211530909302,11.4607250138,0.104047468875,6.2732668262,0.0,0.133828106776,0.608505923261,2.46145046399,0.131796843749,0.0630731602534,0.0,464.67549496542307,464.95398095888453,465.9988735206157,466.415591196349
1.2600000000000007,0.0607717882726,0.250672256503,11.6156352609,0.111363107602,6.27696607388,0.0,0.141034083733,0.697102509827,2.70155874276,0.0789280766693,0.0586547011129,0.0,485.72102847794537,485.39193214306084,489.22412519904964,485.2823858387397
1.3200000000000007,0.0693543282679,0.294926640785,11.781673749,0.115873321215,6.28028602667,0.0,0.144680149841,0.778490493869,2.83265965726,0.0663385209098,0.0476890955465,0.0,455.54316854751164,454.66744682284553,455.9336462847711,454.93094522866073
1.3800000000000008,0.0780848895588,0.344115595199,11.9552151001,0.119493254405,0.000117745353126,0.0,0.146026646351,0.861494510726,2.95167510205,0.044266007795,0.0550231408665,0.0,451.92725526133415,452.5195563635066,453.3954984903769,451.62106997241926
1.4400000000000008,0.0868315435864,0.398071656335,12.1335449776,0.122253926749,0.00362593384333,0.0,0.145207559908,0.937264467782,2.99249084975,0.0492901802618,0.0645966407841,0.0,427.54352694969026,428.36093198490033,428.2723166571739,428.7007705579766
1.5000000000000009,0.0954558972466,0.456735378898,12.3152161533,0.125413093051,0.00796174975031,0.0,0.141864212506,1.01845041467,3.06295865705,0.0586461602993,0.0843415293459,0.0,437.33073359474486,438.97629666022976,437.864696577391,438.6441952544496
1.560000000000001,0.10378411399,0.520398139324,12.501629045,0.129362487306,0.0134314029138,0.0,0.135210646466,1.10396698447,3.15047783856,0.0772783682481,0.102148685723,0.0,443.38444618386933,444.85188429037186,443.52881433396175,445.0595882715301
1.620000000000001,0.111575987379,0.589464972299,12.6947529491,0.133622335605,0.0193617606217,0.0,0.12387045373,1.19866818627,3.28648465526,0.0538824445466,0.0912333418437,0.0,460.155846820233,459.2989329776912,461.22364714113485,459.3756486558222
1.680000000000001,0.118572284178,0.664213735284,12.8954083908,0.136479250916,0.0249879165883,0.0,0.108762842793,1.29320498852,3.40159218717,0.0305485435011,0.098408543501,0.0,454.4716321908817,455.05359472189275,455.38987993822286,453.52073644842096
1.740000000000001,0.124624006479,0.744248970333,13.0997940852,0.138513987832,0.0306555785965,0.0,0.0924437848187,1.37477293393,3.41116398023,0.0399083894916,0.0850957294566,0.0,422.2031347977632,421.0609323329502,421.1354132473472,421.9448070236294
1.8000000000000012,0.129472363406,0.829753251084,13.3086240904,0.140735976167,0.0360795035255,0.0,0.068609595465,1.47552335586,3.5493087616,0.0305550432331,0.0993135479142,0.0,462.07021972645595,463.19615904390395,463.384809235878,462.64949837128853
1.8600000000000012,0.132795559111,0.92123906627,13.5250034839,0.142335692962,0.0419367283491,0.0,0.0415586829617,1.57409199401,3.66287698952,0.0174446000912,0.094001764564,0.0,456.7989508292303,456.3830279380524,456.68302483561837,455.6361648793008
1.9200000000000013,0.134542388152,1.01810097104,13.7442732942,0.143368439639,0.0474698150374,0.0,0.0161904705595,1.65469224848,3.64610170201,0.0167440743897,0.0883912273769,0.0,416.2576707042693,415.774153919964,414.25435700439215,414.1926934682627
1.9800000000000013,0.134611854251,1.11998657723,13.9637595038,0.144327316287,0.0531129472502,0.0,-0.0143714619606,1.74152644317,3.66994803158,0.0144103791332,0.103471556446,0.0,427.91087578032165,429.2005372681777,429.06667491136847,428.86840554701047
2.0400000000000014,0.132492236082,1.22774670973,14.1891755124,0.145052198025,0.059823715876,0.0,-0.0569868350383,1.85042990333,3.84322649734,0.00696091518229,0.124793974086,0.0,474.264501418607,475.90945009613586,476.82640583563574,476.2568103206292
2.1000000000000014,0.127788783341,1.34173302907,14.4228343684,0.14530708348,0.067181106297,0.0,-0.100535690171,1.94903969734,3.94494221816,-0.00182051555009,0.117888822159,0.0,456.18345101945954,455.64487129389573,455.44364961786755,454.74063729105995
2.1600000000000015,0.120373713425,1.46151570791,14.6618124515,0.144821851878,0.0742999437937,0.0,-0.147314955425,2.04359047533,4.02062773805,-0.0251601790138,0.120121264169,0.0,448.343358929299,448.53723038000476,449.1319271473725,447.2348788292188
2.2200000000000015,0.109902470113,1.5871462037,14.9067052217,0.143037835211,0.0815945414746,0.0,-0.20245691105,2.14378828739,4.14193509332,-0.040958530882,0.124336511594,0.0,463.67379147335186,464.0175215082707,463.25938685396557,462.01508156343726
2.2800000000000016,0.0957602019918,1.71908448513,15.1613101454,0.14070891301,0.0889135066418,0.0,-0.269754532275,2.25368799082,4.34403492623,-0.0348418377801,0.116807846338,0.0,488.72235810098056,488.17280828531415,488.07696481618916,488.5326933729639
2.3400000000000016,0.0778712102309,1.85682908151,15.4229368569,0.138263036355,0.0968533817284,0.0,-0.327231846709,2.33750105797,4.37664981046,-0.0565235560711,0.152648323855,0.0,435.46194225274934,438.4656664970412,440.48596785468123,438.68806262493865
2.4000000000000017,0.0563455492623,1.99958311742,15.6868385885,0.13495588264,0.106295954252,0.0,-0.39114696398,2.42054776618,4.41982168963,-0.0524499419673,0.165454230527,0.0,441.8479462854466,442.9259898647144,441.6995258089032,442.03332329297285
2.4600000000000017,0.030387791397,2.14775412815,15.9571050367,0.131969731373,0.115847549325,0.0,-0.47513424909,2.51796061911,4.58824371124,-0.0448861772731,0.142175913392,0.0,481.27985860047835,479.5361759654037,481.7316927070129,482.3020007342045
2.520000000000002,-0.000341637048114,2.30115370428,16.2334248806,0.129544327555,0.123916597886,0.0,-0.549934097062,2.59502084159,4.62216539485,-0.0327312207789,0.111049020004,0.0,442.9864421422614,440.43528873115935,440.7099435462193,441.7127069067553
2.580000000000002,-0.0353532379871,2.45875927102,16.5090041756,0.127445171504,0.130484407567,0.0,-0.617666588015,2.65829108775,4.56396400615,-0.0399256137741,0.106090481984,0.0,411.5379416659029,411.1103599311569,411.55509644432306,410.9170791733742
2.640000000000002,-0.0746504551641,2.62022402956,16.7819638674,0.125139948661,0.136511602073,0.0,-0.692769178544,2.72360613401,4.53472031859,-0.0355688280078,0.0857375248413,0.0,421.86144627654915,420.10921420572964,420.50338304110375,420.8798698018244
2.700000000000002,-0.119260276112,2.78619222232,17.0582436561,0.123268328867,0.141353838557,0.0,-0.794676952378,2.80829323452,4.67389508928,-0.0236321604791,0.0680314832925,0.0,475.61234679657144,474.2588594978244,473.3529005154649,474.2704037885046
2.760000000000002,-0.169493646017,2.95667933561,17.338749248,0.121675833312,0.14519006797,0.0,-0.880109200747,2.87439786925,4.6761788611,-0.0331077544115,0.0541462086712,0.0,433.82290316006254,432.65830706544114,432.8919836438123,432.09358982032666
2.820000000000002,-0.224747992281,3.13094665035,17.6182272448,0.119495781823,0.147941680632,0.0,-0.961975898429,2.93428099258,4.63983360095,-0.0437247285224,0.0190028008677,0.0,421.36239588258206,418.313922741534,420.98544802270555,420.06492644103037
2.880000000000002,-0.285419994659,3.30912277052,17.898607746,0.116625153382,0.150298063511,0.0,-1.06056458341,3.00454028703,4.70583496136,-0.0577083434225,0.0633893792855,0.0,452.0699872939602,455.6335979216413,453.48414222994535,452.357934610556
2.940000000000002,-0.352060119415,3.49143707065,18.1829265787,0.113497859024,0.154132602567,0.0,-1.16109893089,3.07216269765,4.77108765352,-0.042803132761,0.0649279803637,0.0,453.7753292537145,453.90172861492624,453.38560179574745,454.5799724447503
3.000000000000002,-0.424775396303,3.6777086909,18.4709333131,0.110972830785,0.158276849794,0.0,-1.26308919595,3.13653098176,4.82877064666,-0.0406830002494,0.076278806961,0.0,451.47868622783784,452.39720542480876,452.65045898829015,452.8201470870571
3.0600000000000023,-0.503775483568,3.86783295345,18.7628869466,0.108832355183,0.163290338431,0.0,-1.37066623984,3.2005954188,4.90254410449,-0.0271793811852,0.0951432149717,0.0,456.7113058253348,458.2190120986243,458.34724868051,459.4187879552635
3.1200000000000023,-0.589051881545,4.06155919794,19.0575469837,0.107047944892,0.169258243441,0.0,-1.47239140479,3.25669766581,4.91921442471,-0.0354277643769,0.106942428462,0.0,441.27041602262267,442.25203726405795,440.73586761500286,440.0532006025161
3.1800000000000024,-0.680624306912,4.25865045342,19.3536457852,0.104435675123,0.17594917251,0.0,-1.58060054041,3.31269415442,4.95041932781,-0.0693269848814,0.119367626176,0.0,446.5000092347182,447.5235623501414,446.9678545657171,444.194705046505
3.2400000000000024,-0.778633829642,4.45892135138,19.6505689771,0.100686784733,0.182940736072,0.0,-1.68700484025,3.3625639122,4.94687648904,-0.0514572380932,0.110139006598,0.0,435.6839416774678,434.92396184317386,435.3615529937772,436.85140023549906
3.3000000000000025,-0.883824340218,4.6624649656,19.9508516304,0.0981187293024,0.189362991254,0.0,-1.81992433102,3.42178178588,5.06178446231,-0.0295075284404,0.0999805793861,0.0,473.96499955478833,473.1927465164602,472.3347775134183,474.0237808914826
3.3600000000000025,-0.997061762246,4.86946158883,20.2576645935,0.0961748833946,0.195354120208,0.0,-1.95517353156,3.47777653953,5.16457649011,-0.0389132601962,0.099594249565,0.0,472.1442414718869,472.12238082489887,470.7806001566832,470.0518008222059
3.4200000000000026,-1.11753384327,5.07927471473,20.5655715212,0.0942825879011,0.201329305338,0.0,-2.06109502597,3.51577616163,5.09910501111,-0.0198266215327,0.0995707651677,0.0,417.22106566645084,417.22826363742945,419.02671623976926,420.6825315765254
3.4800000000000026,-1.24468095424,5.29142682043,20.8705994688,0.0928637547716,0.20711449468,0.0,-2.17766338076,3.55578391676,5.06840287949,-0.0326597800107,0.089232554696,0.0,430.49239224202876,429.6247774181691,430.6823300784522,429.5952164744755
3.5400000000000027,-1.37897491391,5.5059607552,21.174004419,0.0906694513871,0.212687206816,0.0,-2.29929366695,3.59509744058,5.04498034115,-0.045841500715,0.0993179422237,0.0,432.5029842330543,433.3592234134789,433.04622851123355,431.9350786151433
3.6000000000000028,-1.52048170429,5.72271980931,21.4751155942,0.0879561440947,0.218138224023,0.0,-2.41813076883,3.62992039277,4.99208847883,-0.0440106765756,0.0628476149969,0.0,424.23029971150106,421.0933158096431,423.36763338107687,423.52386703125086
3.660000000000003,-1.66880632299,5.94135126671,21.7712324822,0.0852380328192,0.222044436575,0.0,-2.52644232009,3.65757084301,4.87884072257,-0.0480171307296,0.06926960985,0.0,400.70929053942774,401.2964025683648,402.86821302956594,402.50428410434546
3.720000000000003,-1.82431831536,6.16181955326,22.0632729152,0.0820901947227,0.226128110472,0.0,-2.65768956528,3.69104483518,4.85574125257,-0.0633001931535,0.0655291659335,0.0,432.7186156140145,432.4071871062428,432.5043343349269,431.21302259723814
3.780000000000003,-1.98868173563,6.38454052697,22.3577780318,0.07864587518,0.23033341876,0.0,-2.82142447011,3.73248709204,4.96035446762,-0.0476587521401,0.0779227543596,0.0,472.0005939436243,472.95963995192204,473.2055157413174,474.4061132677327
3.840000000000003,-2.16141403087,6.60914744165,22.6519380943,0.0756218756189,0.234735454985,0.0,-2.93680800138,3.75416764789,4.84531751212,-0.0565372171392,0.0622028808869,0.0,403.53183730718877,402.1146979635483,402.22038023360693,401.41339118396064
3.900000000000003,-2.3428001111,6.83551494027,22.9460637999,0.0727777160153,0.23819604477,0.0,-3.10967868836,3.79097373776,4.958062204,-0.0335443201198,0.0465989656847,0.0,477.4733844692082,476.2832769135178,475.3017280556544,477.0595786731295
3.960000000000003,-2.53462061031,7.064014798,23.2468306393,0.0704764503999,0.241936284445,0.0,-3.28459600063,3.82535465634,5.06666774002,-0.0503158943755,0.0828516560392,0.0,475.9956404543352,478.7646327624894,477.14291627206137,475.85990223679283
4.020000000000002,-2.73664624889,7.29440243377,23.5525079355,0.0668961227943,0.246671831466,0.0,-3.45002806458,3.85383331911,5.1219720926,-0.0950355184798,0.0696204871574,0.0,463.1003289950287,462.06287786692184,463.72039054129135,460.1903086434818
4.080000000000001,-2.94833168709,7.52630698966,23.8600016887,0.0609755416062,0.250780970369,0.0,-3.60657807278,3.87571386295,5.12754618282,-0.107180888275,0.0661147571573,0.0,447.829329373238,447.54751884443306,448.0558571211987,447.05875957426485
4.14,-3.16906559303,7.75929809842,24.166104441,0.0549785623692,0.25460355032,0.0,-3.75167824512,3.89009274574,5.07591507334,-0.0884279011156,0.0584068172709,0.0,428.6612508124511,428.0087081468274,429.4369438734836,431.0158915178524
4.199999999999998,-3.39946078504,7.99322331384,24.4724174327,0.0498347160119,0.259070852317,0.0,-3.92855147734,3.9068208252,5.13391519616,-0.0808219882339,0.095235472526,0.0,464.0829590879212,466.96898714659295,463.8917221669004,464.4829705939929
4.259999999999997,-3.64026177145,8.22798077109,24.7809631564,0.0447016792062,0.264713606751,0.0,-4.09870118001,3.91790493038,5.15048003228,-0.097249285492,0.0915557624946,0.0,453.76086583625226,453.4726039299877,453.25593515201433,451.92749214116105
4.319999999999996,-3.89097741285,8.46322623626,25.0889191041,0.0388236492779,0.270550772537,0.0,-4.25908428374,3.92306666479,5.11454391748,-0.0994418461854,0.106801911124,0.0,435.62888358402324,436.9103505708487,437.68137569990586,437.4904207523288
4.379999999999995,-4.15148699533,8.69867689162,25.3948415049,0.0326306513991,0.276932321534,0.0,-4.42522297744,3.92472637074,5.0826243805,-0.112092949456,0.105459372576,0.0,438.62117464876434,438.51971595435174,439.3765955841633,438.31673069716913
4.439999999999993,-4.42316135232,8.93422662027,25.7025194071,0.0263944263061,0.283832883571,0.0,-4.63119996897,3.92620368425,5.17232903646,-0.0912553719545,0.129341760389,0.0,476.55615026067824,478.3890263268468,477.7626436565701,479.34025710885527
4.499999999999992,-4.70612707845,9.16962397187,26.0112885692,0.0209658917535,0.29120854924,0.0,-4.80175047609,3.91989918489,5.11972996221,-0.0889609456244,0.10529815472,0.0,435.49920973538525,433.4967088833901,434.52651074488176,434.7117995850586
4.559999999999991,-4.99961206529,9.40455754693,26.3173151195,0.0157662870839,0.297205437624,0.0,-4.98174243632,3.91075580126,5.08084912236,-0.0824180529477,0.0862273343245,0.0,439.5120652643578,437.93684842632547,440.3787238213888,440.9134324613991
4.6199999999999894,-5.30385544106,9.63884332077,26.6203945645,0.0108466278109,0.301818786489,0.0,-5.16031265977,3.89835911399,5.02162300601,-0.0811605699139,0.0417253278736,0.0,435.08564182313444,431.3470357819592,433.7529801905374,433.85296666130824
4.679999999999988,-5.61908558678,9.87230815395,26.9204079963,0.0057277976241,0.304120087484,0.0,-5.34778744851,3.88338114996,4.97864545557,-0.0952739412393,0.0305812997092,0.0,440.92422135076947,440.00310159034296,438.68389297276696,437.50390817972556
4.739999999999987,-5.94513311914,10.1047772793,27.2161656182,0.000620554244522,0.305670765203,0.0,-5.52094652848,3.86518705019,4.88009503737,-0.0701048002786,0.0141125836663,0.0,421.040400412489,419.61297617392677,419.86353464117667,422.03533488413984
4.799999999999986,-6.28392706994,10.3360803329,27.5132044054,6.27943921855,0.307275664477,0.0,-5.77227635195,3.84445224838,5.01998705125,-0.0787409069062,0.0443821315444,0.0,495.525459546705,497.7461306800739,497.39158266294567,496.75507210468686
4.859999999999984,-6.63512406354,10.5660817712,27.8098675149,6.27462793356,0.310052784214,0.0,-5.93493097793,3.82195021465,4.86915475061,-0.0832499837078,0.0498421200382,0.0,404.6791918616226,405.1719930249933,404.3663097109745,403.95391103944957
4.919999999999983,-6.99812608617,10.7946121156,28.1035146425,6.26949783305,0.312945722588,0.0,-6.16552979286,3.79525999964,4.91826274958,-0.0904316803941,0.0447475097975,0.0,470.9990606933193,470.6060715150059,471.7126794185397,471.15206637402036
4.979999999999982,-7.373377606,11.0215195474,28.3948041333,6.26390338023,0.315515130041,0.0,-6.34349665432,3.76794464018,4.7915866324,-0.0995472048829,0.0386685853054,0.0,414.4171573798545,413.8834875293449,414.8617182835523,414.05224764082317
5.0399999999999805,-7.76036212426,11.2466515699,28.6813605358,6.25789626692,0.317363808378,0.0,-6.55648339144,3.73597477242,4.75994448991,-0.101285511935,0.00644943411774,0.0,448.1713325413721,445.5445718594459,446.1895883273533,446.0390124074973
